$ANSIBLE_VAULT;1.1;AES256
32303037383434363630333434336239356335376232366239393432306263393831653933623332
6563666636663632393865636466303061383436323534390a666462363534336666653330633565
62393934323733616661363038353932313138383532343430326530626433653330346139633938
3766623366306430350a336563663938623737663161636636313336326234363065643235373533
38633632336331393837643635333231356433373437613361633637353639343030363330303239
36666439363734643162613961666462633631363965386264643834316638393638316336613132
61386330313563313238636564353264613161613433626435343865366532363431333539636536
36623662616234626239343934303130626430393932643162373463323036623934393536643239
35643538656236666533303135346666623639313839636134386435306161613738366162383430
65333039646666376634373734316532333366616532393236326665653066333939353432323432
31303833623737393537333234663335663233386462653762653931653136323439663163663165
62373631323239356136323533376538303139623536373039383932653861343132363464633835
30613237386164356437303739313737353262646165666530316533633135316665326230366537
63383332643464336434346465636161646338323836393037663662643934633362663463616436
30663634633532653966356533393364353763616566383834636137353766313639306131356137
34396135646132663263306163396235303562303364383232383438623336636363663863646236
32643338626637346238333935643766373638633766643162633433373737623366326666316437
63373239303832663138393638666264363761643839653639626261333739343537303463623734
65313535333432643364616330306433366330323166363139653332353639363839316639613764
39663736326164376662396339323662376236663031653336313130336536383837653062316166
30623266356566313437336534613134353430363832366233343134666539646630343134656530
35363230323961363331653939636261386366616231343230316661323862336332623730646435
33636433353737656164326262376637383363656436663263623366316236646563376637646636
65653332326133383861383735346566383234613137356631613739323566653264363466383062
32336562386131626430653634323066363632323539656363326330623938356536326463326634
62633730373735633563303236633335376564356539386133366534623635363732386264336363
37343963666332333636343431633834626264633939343331386536376233333563386434643330
32306363306361626236323835653236336236656531306363333537616433346239373038653230
63383734333965376431623662363665666432333137663761383935313532613061343563656434
35373163386630386235373265656332373633396333663861353031356464363661356661336631
65303835376162333462613865653261333434653066336265623039393062353533303763383639
66376164626636303433623866323730613836313635333531373433353435656134326162313465
62333536396436623062333465646536623062346464623261626430613538346438653232393232
64396565306139393963633031633936346638303837366135323137326231393035373732363431
65393463393036636463653730666137316533393034393139346632373836376439333964353636
37356564326539343863613861653034616132396136633261666364343464313735306435653430
39306135303639613838646462663033303464623134623035313031613765396439373439353562
30313764353138313338643839663465396635343430373264363232353530386331303630636233
64323034363162323735353166643736303435613831346463366364373735626165613437653237
33363938616635396264306136633335656462333765353530333466336266383335623639346161
61386336373362383366616166313737366235633130636338616565623838633162336664343431
65356636663939336561323566336263656237376461356136636266663930393933643339363966
66653533343437366334643862653535353064366366616232363863303637376466663062393733
65663230616534646531303265356464653433343231353838336138386231643235333464346537
36663138366431613464303464666661356534616235376631303836316131613338326333376139
65333962373436396162323263666266356266386533626361336633663338346665353664383935
62646263353738313165383332373437313564353865666562653739373237326462313131383731
63303934313863316433343330613965343634616263356366353630643764336335656330643232
65336436393065356663356466376631386633303735336465346662636663656131343830343139
37613036633561313939316261303537613333626464663838666534633934356266316463373264
62613966303462356366386564363662383563633165323137336236656665333036373161333061
63363435343962343566333362303433366561376230613432386339666462643231666334393365
30656339333166643663653434653833383638393031323264316437313736316436383361356562
31666231383237323063653163376366353339363731316564313637393264313330323362656261
61343632386437366531613530646165386131653933653235623636663030363832356433643236
33363932643261653339623237393435393034656633343237323165376265343166653436353034
32343163326639626134306239623666313665363034623761313431363330313037623337326665
39313261353964386265643161636136633062663765303865333361313334353264316564336438
66333664333165623334626665616661373866363865633235626565336333383963656365343430
34393632363837633261353362373937356663623361353739363965383264323561353466343636
36656139656163393837336132653231323734313333356331633464616634313039653333326234
65663839346532613433343134326330383037646264633239373337383337313833646135353032
35376532323830373039653031306633303031323138316233643634316435623035653536386264
34396134613761363433363037393261383035396438343537363532323431306564393036386335
32326261353434613031386333613361613834336435303362633334656633353135306134646262
63383366613763393838326565616566306466323762366333306433393361653638333961333431
37386266336235346331656530663862393162643237623563613265366362363230363566363036
31313732636366363664313535336563613161643564313966666431666338386431303065373831
34316138363137323261653635356532643431316633613235636234626435386334313166373439
35363638636335346461386134613233326431616430633062316262326138613061366431333238
64396333393364623733653133633930623230316364383563376439356563343039396637363163
37366562393638316462336436383166653238656434656433633935623063356331303232303730
65653066363666333532393761636636373837343932383362616164306263353037316266363264
37623335666365306539373137306465343237663466353362323539346562346362626633323761
65303133613431386530313835653733653137636161386261636362643765303265346233343532
38626430623636653965653232623264633437333264333131333638626431333264373563636266
34626336626233313234656639366238336433616532616639376137333463623935616332656133
31643132323864633035383235333933656336616565336462303635656131383833383434396333
33663234613830623266303531336135303261373235616530393561613033663061636665316565
36633636653536313738303732376637653037643537616531383365333739653066623237353336
66623435343138363235633966333233623539303133393837326137663436323566633436643131
62656663383663396337366337326566653764633532633862376532653236386233613362316439
35643365663539653865313530633134303438356435653238633633323264363161383837643661
64653839373465623764656362306239313861396437333763333563646466333961653334663835
37646239393438393665353564383432363761356633663934333034646232656461346433643661
38303762336262303135383930373666633730363830343130353464643764633632323065386632
39376333346434646238613836663837626435353130363034623965393466373666663161333466
34613361636433386663306536613837626563396338336437383338653532343964383532663063
39616265376136666161326634623163363633613662303432313239346630626437373639336235
30306432366362653535636134666330333238656661393435646536636637303939356235666338
32623035316361633939663062626335653836626634326538636631396464343431613438613935
39646535663565323735623030343836376163656264643736323634303464313537313439303762
65373132346339306539356334376636343538353862393438643432366265343536333433633033
64633230666134343032663333653735326136666431336263616433343039393431316338643531
36656331656630303235313561363834336637656634376338373139366161303139303933613837
61616137343439656237336538366465333832323462346435613237323434626632376234313666
62356531323765306537613663383137646564663533663361643033613834353332366137633335
32313338376663373235663965353336383838333933343566346538623763643662313165313863
62643565303466343538633537343465663161393164346434323332356539303530616233666234
39343632333333663334643463303239636436323939386663393861636636363532313734636239
34356235306336343162646364366631326236356434663439333432623433623439353065656263
64306165636235303235323861326533623534363761333865386437356661653163306266663432
31656431323632316135336365643030666232343535366162643263353939396635376535323662
31333135336230346538373030663263326332613931383236656264646361306333366232396136
66613065336531346233666230303133613766343063313861663036303739353031646164646235
31393730356537353334376137336462383937626431343065643530306161306532353438393964
38663730353637363364366132623164616661336235646537383330656634666464383664393735
33386564383231303738336261353937663632633262376139393035306138643464343732666164
30343338666431373466353539656639393739333838656565383634356134616663366164396535
34666562333337333564313735313565313063353964623462353263656336376433363662353139
62656335656631623865346531326662653461646661643964653836386533653732326463356462
35633839626662386666373234396563643064666531336361356632313366333938396362623763
61393734663261313332616234306430353162313565353034633163333037393262303838663833
61653836373432636661666361356661336130636566376561353366643665303038616361633663
61636661646161303062363861653233303132356634306264643236316664333965613530373037
66366261313862666537333166343164383035383637663838383130363263333134393835353263
62623236393033366239653034363830646165613438653134316432353136306430643263636639
34666264366635353261376466636435346265343865353631613533646134303534623731303634
34356666346134333962323338326330316365613339623162393637626439653137353030613730
34626264333138383431636139383430643435663333626339333737323764366237373738323039
39633534396530636635646430393262363962613663356164386336663333636431376632366261
61306237393063616437623366316362653732656430333762643834356565393337643131373465
37396434396336343938353362383236323132636236303132313864663561643261373663373763
34643566616465303138393864393137336532383733386535623561353439633264356239376632
30363431663530343730326163333131386433336633383835363231336163373630306661313664
35616137366234343762353630633066376332646336653566626236373431623466336162393634
36626264666263323933326661646433346132366465363236613533613230303336313262393931
62663036666437636134343539373530613365646330343939343761343832653938633034666361
66656338396563616434643734666336656132373833333236626363313739383033336232376636
31666135616561376336643535323130393137313434303462356364333038656632326337613264
66383766303538386565306666376235363135313166643833653561646563326436386164396263
31386363373835623838343063343332343836623136353965626433636266653739353365653838
34393861326535666335303234663736376235643261303036353063653361353263666631653533
33663664363731396239323665356366656565356666316363353265636631333431633430623163
38646539636530396533353939646664306161376166623534613862646466383539643330353537
62383534623231336334326461663835653766313330303534356336306338383464613763396265
35666437653633303835663561646131363533386534316437316465313438666338653137313535
39666234633034373934353361653035373037353332323364353633656633393738316438356465
38633963366162393638333237363838313162663632643762356138643831303437366434396630
64316338356331653033663364353062616535663630663666373864616264663935636564646462
64643437383638353162666462313032383561633530393235363561633536373835613261353630
34643566393964383331383537306237393032336561306532326534636464313733633538353164
63346566343164393734393332616332323932663136353734383837613632316263386230613365
32383865626363306538643765386362623730313661373034616530396261333832353635306238
33653138326531303663393164623033616132616164376539656365323166383666616565303839
66313831313735623730346461353162333136386661383362616562303330356537373262636339
38353934356438623966636264303635633035656136666138303565343038313463643538366662
64323931383465623866663461656231316337303062313564343230653562646137336438623836
63663538383066313432633437656265653233343561393866323965613231336439346562333032
34626262363862353039336463643165626131626464303865323564393638393636663436353836
61616430323232643435396335636635663061663438373035656237353138336365643039663030
37623130653235623061623863656331386536343538383738313136386231333837303662343362
32646161383761626233373135663866303639383237633862333738663065643163396464643636
32356539653164366239626130653237613934613333626130323165356135626434303839353339
30623136643364626436343137643930633665323132323161353034343830306438393366663339
65373362626232363139303734396536623632623162303533363436306365313138623335333730
65363361386330633161366332323039313666366361646263316239623361636262623532623635
66623539306138386264633761613432666330643637623330343766666633643736633531366365
34656534616238383738613734626231616663313337336237363030326433643032393835396636
63336632316138636130633738613862613631636532396432653232323137643435313763313564
35623830306161653766313138356361626661646631363865313761316636316463666334636635
61383764313538306661353661353734623562366635356334623439343063643637656339323533
33613235396164306364623731303131616133666434663131303665306136366632343661646138
38376238313066313662393738623932386564353762643134656639656630636562303939626436
62366431356437643964333335353131623132653565306234363465663466313836633936623262
6565313765303762643438393663393330656532366664633233
